REF.
1
2
3
4
5
6
7
8
9
10
11
12
13
14
15
16
17
18
19
20
21
22
23
24
25
26
27
28
29
30
31
32
33
34
35
36
37
38
39
40
41
X
1475
1375
1275
1275
75
175
75
275
175
375
275
475
375
575
475
475
675
475
575
575
775
575
675
675
875
675
775
775
975
775
875
875
1075
875
975
975
1175
975
1075
1075
1275
Y
389,2
263
137
10,8
389,2
389,2
10,8
389,2
10,8
389,2
10,8
389,2
10,8
389,2
263
10,8
389,2
137
263
10,8
389,2
137
263
10,8
389,2
137
263
10,8
389,2
137
263
10,8
389,2
137
263
10,8
389,2
137
263
10,8
389,2
Diameter
3,2
3,2
3,2
3,2
3,2
3,2
3,2
3,2
3,2
3,2
3,2
3,2
3,2
3,2
3,2
3,2
3,2
3,2
3,2
3,2
3,2
3,2
3,2
3,2
3,2
3,2
3,2
3,2
3,2
3,2
3,2
3,2
3,2
3,2
3,2
3,2
3,2
3,2
3,2
3,2
3,2
REF.
42
43
44
45
46
47
48
49
50
51
52
53
X
1075
1175
1175
1375
1175
1275
1429,69
1397,69
1365,69
1333,69
1301,69
1269,69
Y
137
263
10,8
389,2
137
263
360
296
232
168
104
40
5
Diameter
3,2
3,2
3,2
3,2
3,2
3,2
7
7
7
7
7
7
